x<-c(1,2,5,12)
